4 0.08 0.092 0.142 0.033
None 0.424 0.125 0.043 0.033
None 0.659 0.125 0.211 0.033
None 0.727 0.125 0.112 0.033
4 0.203 0.125 0.389 0.033
6 0.895 0.125 0.226 0.033
3 0.038 0.158 0.032 0.033
3 0.041 0.225 0.026 0.033
None 0.228 0.258 0.054 0.033
None 0.895 0.358 0.224 0.033
5 0.91 0.358 0.194 0.033
None 0.548 0.392 0.02 0.033
6 0.78 0.392 0.455 0.033
6 0.78 0.425 0.455 0.033
4 0.215 0.458 0.413 0.033
None 0.653 0.492 0.102 0.033
4 0.215 0.492 0.413 0.033
None 0.49 0.558 0.051 0.033
4 0.174 0.592 0.331 0.033
1 0.308 0.625 0.013 0.033
